Logodds stage1,se1,AME1,Logodds stage2,se2,AME2,Logodds stage3,se3,AME3
(Intercept),-1.09,0.41,NA,-1.09,0.44,NA,-2.01,0.51,NA
ClusterODiN,0.77,0.1,0.16,0.66,0.11,0.12,0.56,0.12,0.09
Incentive5-10,0.38,0.13,0.07,0.32,0.14,0.06,0.31,0.15,0.05
Incentive5-20,0.52,0.13,0.1,0.5,0.13,0.09,0.54,0.14,0.09
AgeCat26-45,-0.69,0.2,-0.15,-0.64,0.2,-0.13,-0.45,0.21,-0.09
AgeCat46-65,-0.97,0.2,-0.21,-1.04,0.21,-0.21,-0.94,0.22,-0.17
AgeCat>65,-1.42,0.24,-0.29,-1.46,0.26,-0.27,-1.39,0.27,-0.23
GenderFemale,0.16,0.11,0.03,0.2,0.11,0.04,0.35,0.12,0.06
DriverslicenseYes,0.2,0.17,0.04,0.26,0.19,0.05,0.31,0.2,0.05
Has_carYes,0.1,0.12,0.02,0.15,0.12,0.03,0.13,0.13,0.02
Has_mopedYes,0.08,0.23,0.02,0.24,0.23,0.05,0.04,0.26,0.01
EducationVmbo, avo onderbouw, mbo 1,-0.05,0.33,-0.01,-0.03,0.35,0,0.4,0.43,0.05
EducationHavo, vwo, mbo,0.48,0.31,0.09,0.22,0.34,0.04,0.64,0.41,0.09
EducationHbo-, wo-bachelor,0.96,0.33,0.2,0.79,0.35,0.15,1.09,0.42,0.17
EducationHbo-, wo-master, doctor,0.92,0.36,0.19,0.82,0.38,0.16,1.19,0.45,0.19
EducationUnknown,0.29,0.32,0.05,0.07,0.34,0.01,0.51,0.41,0.07
Marital_statusSingle,-0.32,0.12,-0.06,-0.37,0.13,-0.07,-0.29,0.14,-0.05
OriginNot-western,-0.6,0.22,-0.11,-0.8,0.24,-0.13,-0.89,0.27,-0.12
OriginWestern,-0.25,0.18,-0.05,-0.45,0.2,-0.08,-0.52,0.22,-0.08
UrbanityStrong,-0.03,0.16,-0.01,-0.16,0.17,-0.03,-0.07,0.18,-0.01
UrbanityModerate,-0.04,0.17,-0.01,-0.15,0.18,-0.03,-0.11,0.19,-0.02
UrbanityLittle,-0.02,0.18,0,-0.17,0.18,-0.03,-0.02,0.19,0
UrbanityNot,-0.32,0.18,-0.06,-0.42,0.2,-0.08,-0.29,0.21,-0.05
HomeOwnerRent,0.07,0.14,0.01,-0.09,0.15,-0.02,-0.04,0.16,-0.01
HomeOwnerUnknown,-0.32,0.32,-0.06,-0.62,0.34,-0.1,-0.71,0.37,-0.1
IncomeQ21-40,-0.54,0.23,-0.1,-0.42,0.25,-0.07,-0.4,0.26,-0.06
IncomeQ41-60,0.14,0.21,0.03,0.23,0.23,0.04,0.21,0.25,0.03
IncomeQ61-80,0.37,0.21,0.08,0.36,0.23,0.07,0.33,0.24,0.05
IncomeQ81-100,0.34,0.22,0.07,0.26,0.23,0.05,0.25,0.25,0.04
IncomeQUnknown,0.1,0.58,0.02,-0.39,0.8,-0.06,-0.93,1.07,-0.11
